0.260	20.809	0.239
0.270	20.742	0.239
0.280	20.731	0.239
0.290	20.767	0.239
0.300	20.864	0.239
0.310	21.007	0.239
0.320	21.220	0.239
0.330	21.479	0.239
0.340	21.782	0.239
0.350	22.132	0.239
0.360	22.521	0.239
0.370	22.935	0.239
0.380	23.419	0.239
0.390	23.915	0.239
0.400	24.458	0.239
0.410	25.023	0.239
0.420	25.601	0.239
0.430	26.201	0.239
0.440	26.809	0.239
0.450	27.434	0.239
0.460	28.068	0.239
0.470	28.689	0.239
0.480	29.314	0.239
0.490	29.931	0.239
0.500	30.521	0.239
0.510	31.091	0.239
0.520	31.652	0.239
0.530	31.894	0.239
0.540	32.128	0.239
0.550	32.134	0.239
0.560	32.252	0.239
0.570	32.297	0.239
0.580	32.299	0.239
0.590	32.287	0.239
0.600	32.246	0.239
0.610	32.287	0.239
0.620	32.301	0.239
0.630	32.256	0.239
0.640	32.262	0.239
0.650	32.268	0.239
0.660	32.283	0.239
0.670	32.289	0.239
0.680	32.312	0.239
0.690	32.271	0.239
0.700	32.281	0.239
0.710	32.261	0.239
0.720	32.198	0.239
0.730	32.381	0.239
0.740	32.000	0.239
0.750	31.877	0.239
0.760	31.574	0.239
0.770	31.008	0.239
0.780	30.433	0.239
0.790	29.842	0.239
0.800	29.233	0.239
0.810	28.603	0.239
0.820	27.981	0.239
0.830	27.363	0.239
0.840	26.742	0.239
0.850	26.129	0.239
0.860	25.533	0.239
0.870	24.954	0.239
0.880	24.393	0.239
0.890	23.861	0.239
0.900	23.364	0.239
0.910	22.897	0.239
0.920	22.478	0.239
0.930	22.093	0.239
0.940	21.746	0.239
0.950	21.442	0.239
0.960	21.195	0.239
0.970	20.986	0.239
0.980	20.855	0.239
0.990	20.762	0.239
1.000	20.716	0.239
1.010	20.722	0.239
1.020	20.801	0.239
1.030	20.910	0.239
1.040	21.088	0.239
1.050	21.310	0.239
1.060	21.376	0.239
1.070	21.653	0.239
1.080	22.003	0.239
1.090	22.499	0.239
1.100	23.137	0.239
1.110	23.616	0.239
1.120	24.143	0.239
1.130	24.691	0.239
1.140	25.256	0.239
1.150	25.851	0.239
1.160	26.463	0.239
1.170	27.071	0.239
1.180	27.696	0.239
1.190	28.322	0.239
1.200	28.947	0.239
1.210	29.559	0.239
1.220	30.163	0.239
1.230	30.749	0.239
1.240	31.314	0.239
1.250	31.845	0.239
1.260	32.324	0.239
1.270	32.197	0.239
1.280	32.228	0.239
1.290	32.269	0.239
1.300	32.008	0.239
1.310	32.100	0.239
1.320	32.253	0.239
1.330	32.139	0.239
1.340	32.235	0.239
1.350	32.237	0.239
1.360	31.972	0.239
1.370	31.969	0.239
1.380	31.997	0.239
1.390	32.252	0.239
1.400	32.228	0.239
1.410	32.238	0.239
1.420	32.257	0.239
1.430	32.264	0.239
1.440	32.274	0.239
1.450	32.246	0.239
1.460	32.187	0.239
1.470	32.064	0.239
1.480	31.804	0.239
1.490	31.272	0.239
1.500	30.706	0.239
1.510	30.128	0.239
1.520	29.528	0.239
1.530	28.919	0.239
1.540	28.288	0.239
1.550	27.671	0.239
1.560	27.058	0.239
1.570	26.445	0.239
1.580	25.840	0.239
1.590	25.257	0.239
1.600	24.704	0.239
1.610	24.148	0.239
1.620	23.633	0.239
1.630	23.162	0.239
1.640	22.721	0.239
1.650	22.305	0.239
1.660	21.946	0.239
1.670	21.630	0.239
1.680	21.348	0.239
1.690	21.143	0.239
1.700	20.960	0.239
1.710	20.850	0.239
1.720	20.787	0.239
1.730	20.776	0.239
1.740	20.821	0.239
1.750	20.913	0.239
1.760	21.048	0.239
1.770	21.248	0.239
1.780	21.507	0.239
1.790	21.806	0.239
1.800	22.151	0.239
1.810	22.536	0.239
1.820	22.959	0.239
1.830	23.425	0.239
1.840	23.917	0.239
1.850	24.456	0.239
1.860	25.017	0.239
1.870	25.591	0.239
1.880	26.186	0.239
1.890	26.802	0.239
1.900	27.410	0.239
1.910	28.031	0.239
1.920	28.648	0.239
1.930	29.265	0.239
1.940	29.873	0.239
1.950	30.468	0.239
1.960	31.037	0.239
1.970	31.598	0.239
1.980	32.115	0.239
1.990	32.225	0.239
2.000	32.127	0.239
2.010	32.194	0.239
2.020	32.002	0.239
2.030	31.995	0.239
2.040	31.993	0.239
2.050	32.248	0.239
2.060	32.216	0.239
2.070	32.230	0.239
2.080	32.241	0.239
2.090	32.036	0.239
2.100	32.128	0.239
2.110	32.241	0.239
2.120	32.118	0.239
2.130	32.078	0.239
2.140	32.238	0.239
2.150	31.982	0.239
2.160	31.980	0.239
2.170	32.046	0.239
2.180	32.185	0.239
2.190	32.182	0.239
2.200	32.034	0.239
2.210	31.511	0.239
2.220	30.954	0.239
2.230	30.388	0.239
2.240	29.796	0.239
2.250	29.196	0.239
2.260	28.579	0.239
2.270	27.953	0.239
2.280	27.336	0.239
2.290	26.727	0.239
2.300	26.122	0.239
2.310	25.526	0.239
2.320	24.956	0.239
2.330	24.416	0.239
2.340	23.872	0.239
2.350	23.383	0.239
2.360	22.921	0.239
2.370	22.505	0.239
2.380	21.905	0.239
2.390	21.787	0.239
2.400	21.496	0.239
2.410	21.051	0.239
2.420	21.039	0.239
2.430	20.908	0.239
2.440	20.824	0.239
2.450	20.787	0.239
2.460	20.802	0.239
2.470	20.859	0.239
2.480	20.981	0.239
2.490	21.159	0.239
2.500	21.380	0.239
2.510	21.653	0.239
2.520	21.973	0.239
2.530	22.340	0.239
2.540	22.755	0.239
2.550	23.204	0.239
2.560	23.674	0.239
2.570	24.192	0.239
2.580	24.748	0.239
2.590	25.309	0.239
2.600	25.891	0.239
2.610	26.499	0.239
2.620	27.116	0.239
2.630	27.732	0.239
2.640	28.340	0.239
2.650	28.957	0.239
2.660	29.569	0.239
2.670	30.173	0.239
2.680	30.755	0.239
2.690	31.307	0.239
2.700	31.855	0.239
2.710	32.300	0.239
2.720	32.198	0.239
2.730	32.239	0.239
2.740	32.262	0.239
2.750	32.256	0.239
2.760	32.257	0.239
2.770	32.259	0.239
2.780	32.261	0.239
2.790	32.245	0.239
2.800	32.247	0.239
2.810	32.244	0.239
2.820	32.246	0.239
2.830	32.253	0.239
2.840	32.259	0.239
2.850	32.260	0.239
2.860	32.262	0.239
2.870	32.242	0.239
2.880	32.261	0.239
2.890	32.254	0.239
2.900	32.217	0.239
2.910	32.189	0.239
2.920	32.122	0.239
2.930	31.827	0.239
2.940	31.283	0.239
2.950	30.730	0.239
2.960	30.147	0.239
2.970	29.559	0.239
2.980	28.951	0.239
2.990	28.342	0.239
3.000	27.712	0.239
3.010	27.103	0.239
3.020	26.490	0.239
3.030	25.890	0.239
3.040	25.320	0.239
3.050	24.767	0.239
3.060	24.218	0.239
3.070	23.708	0.239
3.080	23.224	0.239
3.090	22.792	0.239
3.100	22.385	0.239
3.110	22.021	0.239
3.120	21.709	0.239
3.130	21.444	0.239
3.140	21.222	0.239
3.150	21.035	0.239
3.160	20.921	0.239
3.170	20.858	0.239
3.180	20.847	0.239
3.190	20.887	0.239
3.200	20.971	0.239
3.210	21.127	0.239
3.220	21.301	0.239
3.230	21.556	0.239
3.240	21.648	0.239
3.250	21.977	0.239
3.260	22.353	0.239
3.270	22.991	0.239
3.280	23.461	0.239
3.290	23.936	0.239
3.300	24.471	0.239
3.310	25.023	0.239
3.320	25.588	0.239
3.330	26.175	0.239
3.340	26.783	0.239
3.350	27.400	0.239
3.360	28.012	0.239
3.370	28.616	0.239
3.380	29.224	0.239
3.390	29.827	0.239
3.400	30.410	0.239
3.410	30.979	0.239
3.420	31.535	0.239
3.430	32.040	0.239
3.440	31.999	0.239
3.450	32.013	0.239
3.460	32.140	0.239
3.470	32.043	0.239
3.480	32.001	0.239
3.490	32.042	0.239
3.500	32.031	0.239
3.510	31.994	0.239
3.520	31.966	0.239
3.530	31.998	0.239
3.540	32.214	0.239
3.550	32.078	0.239
3.560	31.998	0.239
3.570	31.983	0.239
3.580	31.993	0.239
3.590	32.004	0.239
3.600	32.001	0.239
3.610	32.003	0.239
3.620	32.022	0.239
3.630	32.007	0.239
3.640	32.008	0.239
3.650	31.954	0.239
3.660	31.513	0.239
3.670	30.943	0.239
3.680	30.377	0.239
3.690	29.794	0.239
3.700	29.203	0.239
3.710	28.594	0.239
3.720	27.985	0.239
3.730	27.367	0.239
3.740	26.763	0.239
3.750	26.163	0.239
3.760	25.576	0.239
3.770	25.018	0.239
3.780	24.474	0.239
3.790	23.951	0.239
3.800	23.472	0.239
3.810	22.996	0.239
3.820	22.581	0.239
3.830	21.933	0.239
3.840	21.298	0.239
3.850	21.343	0.239
3.860	21.324	0.239
3.870	21.149	0.239
3.880	20.987	0.239
3.890	20.903	0.239
3.900	20.673	0.239
3.910	20.653	0.239
3.920	20.943	0.239
3.930	21.061	0.239
3.940	21.239	0.239
3.950	21.455	0.239
3.960	21.720	0.239
3.970	22.035	0.239
3.980	22.398	0.239
3.990	22.804	0.239
4.000	23.240	0.239
4.010	23.724	0.239
4.020	24.228	0.239
4.030	24.763	0.239
4.040	25.320	0.239
4.050	25.898	0.239
4.060	26.497	0.239
4.070	27.109	0.239
4.080	27.726	0.239
4.090	28.338	0.239
4.100	28.942	0.239
4.110	29.550	0.239
4.120	30.145	0.239
4.130	30.723	0.239
4.140	31.288	0.239
4.150	31.836	0.239
4.160	32.061	0.239
4.170	32.450	0.239
4.180	31.974	0.239
4.190	32.015	0.239
4.200	32.004	0.239
4.210	31.993	0.239
4.220	31.982	0.239
4.230	31.996	0.239
4.240	31.994	0.239
4.250	31.991	0.239
4.260	32.001	0.239
4.270	32.227	0.239
4.280	32.207	0.239
4.290	31.985	0.239
4.300	31.991	0.239
4.310	32.002	0.239
4.320	31.995	0.239
4.330	31.988	0.239
4.340	32.016	0.239
4.350	31.987	0.239
4.360	32.135	0.239
4.370	32.064	0.239
4.380	31.838	0.239
4.390	31.302	0.239
4.400	30.762	0.239
4.410	30.183	0.239
4.420	29.596	0.239
4.430	28.991	0.239
4.440	28.387	0.239
4.450	27.778	0.239
4.460	27.157	0.239
4.470	26.548	0.239
4.480	25.965	0.239
4.490	25.390	0.239
4.500	24.833	0.239
4.510	24.298	0.239
4.520	23.800	0.239
4.530	23.321	0.239
4.540	22.871	0.239
4.550	22.473	0.239
4.560	22.109	0.239
4.570	21.793	0.239
4.580	21.519	0.239
4.590	21.289	0.239
4.600	21.127	0.239
4.610	20.983	0.239
4.620	20.920	0.239
4.630	20.689	0.239
4.640	20.722	0.239
4.650	21.016	0.239
4.660	21.168	0.239
4.670	21.346	0.239
4.680	21.576	0.239
4.690	21.569	0.239
4.700	21.300	0.239
4.710	21.693	0.239
4.720	22.980	0.239
4.730	23.442	0.239
4.740	23.925	0.239
4.750	24.452	0.239
4.760	24.978	0.239
4.770	25.543	0.239
4.780	26.129	0.239
4.790	26.729	0.239
4.800	27.333	0.239
4.810	27.936	0.239
4.820	28.549	0.239
4.830	29.139	0.239
4.840	29.739	0.239
4.850	30.321	0.239
4.860	30.890	0.239
4.870	31.460	0.239
4.880	31.921	0.239
4.890	32.482	0.239
4.900	31.977	0.239
4.910	31.970	0.239
4.920	31.989	0.239
4.930	31.995	0.239
4.940	31.988	0.239
4.950	31.968	0.239
4.960	31.974	0.239
4.970	31.976	0.239
4.980	31.965	0.239
4.990	31.967	0.239
5.000	31.973	0.239
5.010	31.962	0.239
5.020	31.972	0.239
5.030	31.983	0.239
5.040	31.984	0.239
5.050	32.020	0.239
5.060	32.009	0.239
5.070	32.032	0.239
5.080	31.995	0.239
5.090	31.950	0.239
5.100	31.982	0.239
5.110	31.524	0.239
5.120	30.966	0.239
5.130	30.409	0.239
5.140	29.839	0.239
5.150	29.247	0.239
5.160	28.647	0.239
5.170	28.043	0.239
5.180	27.443	0.239
5.190	26.838	0.239
5.200	26.233	0.239
5.210	25.655	0.239
5.220	25.098	0.239
5.230	24.549	0.239
5.240	24.039	0.239
5.250	23.551	0.239
5.260	23.101	0.239
5.270	22.664	0.239
5.280	22.283	0.239
5.290	21.945	0.239
5.300	21.650	0.239
5.310	21.411	0.239
5.320	21.220	0.239
5.330	21.071	0.239
5.340	20.961	0.239
5.350	20.920	0.239
5.360	20.930	0.239