velocity Oct 20, 2022 10:08 AM
Time (s)	Velocity (cm/s)
0.260	NaN
0.270	-6.708
0.280	-1.118
0.290	3.612
0.300	9.632
0.310	14.362
0.320	21.242
0.330	25.972
0.340	30.272
0.350	35.002
0.360	38.872
0.370	41.452
0.380	48.332
0.390	49.622
0.400	54.352
0.410	56.502
0.420	57.792
0.430	59.942
0.440	60.802
0.450	62.522
0.460	63.382
0.470	62.092
0.480	62.522
0.490	61.662
0.500	59.082
0.510	56.975
0.520	56.072
0.530	24.252
0.540	23.392
0.550	0.602
0.560	11.782
0.570	4.472
0.580	0.172
0.590	-1.118
0.600	-4.128
0.610	4.042
0.620	1.462
0.630	-4.515
0.640	0.602
0.650	0.602
0.660	1.462
0.670	0.602
0.680	2.322
0.690	-4.128
0.700	1.032
0.710	-1.978
0.720	-6.278
0.730	18.275
0.740	-38.098
0.750	-12.298
0.760	-30.358
0.770	-56.588
0.780	-57.448
0.790	-59.168
0.800	-60.845
0.810	-63.038
0.820	-62.178
0.830	-61.748
0.840	-62.178
0.850	-61.275
0.860	-59.598
0.870	-57.878
0.880	-56.158
0.890	-53.148
0.900	-49.665
0.910	-46.698
0.920	-41.968
0.930	-38.528
0.940	-34.658
0.950	-30.358
0.960	-24.725
0.970	-20.898
0.980	-13.158
0.990	-9.288
1.000	-4.558
1.010	0.602
1.020	7.912
1.030	10.922
1.040	17.802
1.050	22.102
1.060	6.622
1.070	27.735
1.080	35.002
1.090	49.622
1.100	63.812
1.110	47.902
1.120	52.632
1.130	54.782
1.140	56.502
1.150	59.512
1.160	61.232
1.170	60.802
1.180	62.522
1.190	62.522
1.200	62.522
1.210	61.232
1.220	60.372
1.230	58.652
1.240	56.502
1.250	53.062
1.260	47.902
1.270	-12.728
1.280	3.182
1.290	4.042
1.300	-26.058
1.310	9.202
1.320	15.222
1.330	-11.395
1.340	9.632
1.350	0.172
1.360	-26.488
1.370	-0.258
1.380	2.752
1.390	25.542
1.400	-2.408
1.410	1.032
1.420	1.892
1.430	0.645
1.440	1.032
1.450	-2.838
1.460	-5.848
1.470	-12.298
1.480	-26.058
1.490	-53.148
1.500	-56.588
1.510	-57.835
1.520	-60.028
1.530	-60.888
1.540	-63.038
1.550	-61.748
1.560	-61.275
1.570	-61.318
1.580	-60.458
1.590	-58.308
1.600	-55.298
1.610	-55.685
1.620	-51.428
1.630	-47.128
1.640	-44.118
1.650	-41.538
1.660	-35.948
1.670	-31.605
1.680	-28.208
1.690	-20.468
1.700	-18.318
1.710	-11.008
1.720	-6.278
1.730	-1.118
1.740	4.472
1.750	9.202
1.760	13.545
1.770	19.952
1.780	25.972
1.790	29.842
1.800	34.572
1.810	38.442
1.820	42.312
1.830	46.612
1.840	49.192
1.850	53.922
1.860	56.072
1.870	57.362
1.880	59.512
1.890	61.662
1.900	60.802
1.910	62.092
1.920	61.662
1.930	61.662
1.940	60.802
1.950	59.512
1.960	56.932
1.970	56.072
1.980	51.772
1.990	10.922
2.000	-9.718
2.010	6.622
2.020	-19.135
2.030	-0.688
2.040	-0.258
2.050	25.542
2.060	-3.268
2.070	1.462
2.080	1.032
2.090	-20.468
2.100	9.202
2.110	11.352
2.120	-12.298
2.130	-4.085
2.140	16.082
2.150	-25.628
2.160	-0.258
2.170	6.622
2.180	13.932
2.190	-0.258
2.200	-14.878
2.210	-52.288
2.220	-55.685
2.230	-56.588
2.240	-59.168
2.250	-60.028
2.260	-61.748
2.270	-62.565
2.280	-61.748
2.290	-60.888
2.300	-60.458
2.310	-59.598
2.320	-56.975
2.330	-54.008
2.340	-54.438
2.350	-48.848
2.360	-46.268
2.370	-41.538
2.380	-59.985
2.390	-11.868
2.400	-29.068
2.410	-44.548
2.420	-1.118
2.430	-13.158
2.440	-8.428
2.450	-3.655
2.460	1.462
2.470	5.762
2.480	12.212
2.490	17.802
2.500	22.102
2.510	27.262
2.520	31.992
2.530	36.722
2.540	41.452
2.550	44.892
2.560	47.042
2.570	51.772
2.580	55.642
2.590	56.072
2.600	58.222
2.610	60.802
2.620	61.662
2.630	61.662
2.640	60.802
2.650	61.662
2.660	61.232
2.670	60.372
2.680	58.222
2.690	55.212
2.700	54.782
2.710	44.462
2.720	-10.148
2.730	4.085
2.740	2.322
2.750	-0.688
2.760	0.172
2.770	0.172
2.780	0.172
2.790	-1.548
2.800	0.172
2.810	-0.258
2.820	0.172
2.830	0.645
2.840	0.602
2.850	0.172
2.860	0.172
2.870	-1.978
2.880	1.892
2.890	-0.688
2.900	-3.698
2.910	-2.838
2.920	-6.665
2.930	-29.498
2.940	-54.438
2.950	-55.298
2.960	-58.308
2.970	-58.738
2.980	-60.845
2.990	-60.888
3.000	-63.038
3.010	-60.888
3.020	-61.318
3.030	-59.985
3.040	-57.018
3.050	-55.298
3.060	-54.868
3.070	-50.998
3.080	-48.418
3.090	-43.215
3.100	-40.678
3.110	-36.378
3.120	-31.218
3.130	-26.488
3.140	-22.188
3.150	-18.705
3.160	-11.438
3.170	-6.278
3.180	-1.118
3.190	4.042
3.200	8.342
3.210	15.652
3.220	17.372
3.230	25.542
3.240	9.202
3.250	32.852
3.260	37.582
3.270	63.812
3.280	47.042
3.290	47.472
3.300	53.492
3.310	55.255
3.320	56.502
3.330	58.652
3.340	60.802
3.350	61.662
3.360	61.232
3.370	60.372
3.380	60.802
3.390	60.372
3.400	58.222
3.410	56.932
3.420	55.642
3.430	50.482
3.440	-4.128
3.450	1.462
3.460	12.642
3.470	-9.718
3.480	-4.128
3.490	4.042
3.500	-1.118
3.510	-3.698
3.520	-2.795
3.530	3.182
3.540	21.672
3.550	-13.588
3.560	-7.998
3.570	-1.548
3.580	1.032
3.590	1.032
3.600	-0.258
3.610	0.172
3.620	1.935
3.630	-1.548
3.640	0.172
3.650	-5.418
3.660	-44.118
3.670	-57.018
3.680	-56.588
3.690	-58.265
3.700	-59.168
3.710	-60.888
3.720	-60.888
3.730	-61.748
3.740	-60.415
3.750	-60.028
3.760	-58.738
3.770	-55.728
3.780	-54.438
3.790	-52.245
3.800	-47.988
3.810	-47.558
3.820	-41.538
3.830	-64.758
3.840	-63.468
3.850	4.515
3.860	-1.978
3.870	-17.458
3.880	-16.168
3.890	-8.428
3.900	-23.048
3.910	-1.978
3.920	28.982
3.930	11.782
3.940	17.802
3.950	21.672
3.960	26.445
3.970	31.562
3.980	36.292
3.990	40.592
4.000	43.602
4.010	48.332
4.020	50.482
4.030	53.492
4.040	55.642
4.050	57.792
4.060	59.942
4.070	61.232
4.080	61.662
4.090	61.232
4.100	60.372
4.110	60.802
4.120	59.512
4.130	57.792
4.140	56.502
4.150	54.782
4.160	22.532
4.170	38.872
4.180	-47.558
4.190	4.042
4.200	-1.118
4.210	-1.075
4.220	-1.118
4.230	1.462
4.240	-0.258
4.250	-0.258
4.260	1.032
4.270	22.532
4.280	-1.978
4.290	-22.188
4.300	0.602
4.310	1.075
4.320	-0.688
4.330	-0.688
4.340	2.752
4.350	-2.838
4.360	14.792
4.370	-7.138
4.380	-22.618
4.390	-53.578
4.400	-53.965
4.410	-57.878
4.420	-58.738
4.430	-60.458
4.440	-60.458
4.450	-60.845
4.460	-62.178
4.470	-60.888
4.480	-58.308
4.490	-57.448
4.500	-55.685
4.510	-53.578
4.520	-49.708
4.530	-47.988
4.540	-44.978
4.550	-39.818
4.560	-36.335
4.570	-31.648
4.580	-27.348
4.590	-23.048
4.600	-16.168
4.610	-14.448
4.620	-6.278
4.630	-23.048
4.640	3.225
4.650	29.412
4.660	15.222
4.670	17.802
4.680	22.962
4.690	-0.688
4.700	-26.918
4.710	39.302
4.720	128.742
4.730	46.182
4.740	48.332
4.750	52.632
4.760	52.632
4.770	56.502
4.780	58.652
4.790	59.942
4.800	60.372
4.810	60.372
4.820	61.232
4.830	59.082
4.840	59.942
4.850	58.222
4.860	56.932
4.870	56.932
4.880	46.182
4.890	56.072
4.900	-50.568
4.910	-0.645
4.920	1.892
4.930	0.602
4.940	-0.688
4.950	-1.978
4.960	0.602
4.970	0.172
4.980	-1.118
4.990	0.172
5.000	0.602
5.010	-1.075
5.020	1.032
5.030	1.032
5.040	0.172
5.050	3.612
5.060	-1.118
5.070	2.322
5.080	-3.698
5.090	-4.558
5.100	3.182
5.110	-45.795
5.120	-55.728
5.130	-55.728
5.140	-57.018
5.150	-59.168
5.160	-59.985
5.170	-60.458
5.180	-60.028
5.190	-60.458
5.200	-60.458
5.210	-57.835
5.220	-55.728
5.230	-54.868
5.240	-50.998
5.250	-48.848
5.260	-44.978
5.270	-43.645
5.280	-38.098
5.290	-33.798
5.300	-29.498
5.310	-23.908
5.320	-19.178
5.330	-14.878
5.340	-10.965
5.350	-4.128
5.360	1.032